8512
8937
8407
8545
8606
8133
8602
8168
8501
8690
8774
8061
8329
8496
8525
8383
8404
8216
8401
8150
8955
8375
8080
8866
8310
8251
8814
8153
8584
8392
8078
8904
8970
8518
8465
8222
8785
8083
8659
8569
8506
8451
8622
8102
8643
8077
8262
8810
8510
8811
8625
8480
8929
8737
8547
8350
8663
8955
8875
8122
8536
8454
8757
8702
8613
8179
8469
8451
8460
8581
9012
8085
8767
8758
8859
8677
8490
8053
8730
8964
8079
9012
8267
8694
8744
8806
8838
8027
8959
8663
8500
8794
8364
8566
8225
8312
8253
8684
8256
8441
9002
8204
8383
8298
8239
8542
8643
8202
8900
8710
8967
8438
8233
8668
8131
8958
8092
8039
8724
8908
8474
8760
8724
8411
8474
8284
8353
8532
8495
8781
8155
8317
8152
8089
8898
8941
8494
8172
8775
8356
8909
8322
8892
8072
8510
8708
8399
8958
8278
8942
8600
8675
8588
9019
8275
8138
8048
8373
8908
8106
8161
8953
8292
8238
8412
8597
8519
8470
8327
8692
8641
8587
9017
8078
8899
8731
8546
8118
8402
8851
8659
8606
8035
8219
8307
8249
8309
8118
8169
8856
8042
8967
8346
8402
8320
8747
8445
8484
8055
8860
8094
8419
8456
8631
8955
8765
8926
8740
8330
8528
8578
8780
8077
8777
8061
8135
8950
8135
8696
8784
8693
8133
8055
8989
8733
8270
8589
8267
8564
8502
8424
8860
8829
8886
8804
8486
8056
8972
8291
8908
8321
8810
8253
8168
8241
8276
8595
8903
8598
8043
8595
8039
8451
8640
8814
8875
8963
9015
8294
8272
8177
8731
8553
8464
8397
8705
8341
8790
8654
8374
8567
8639
8299
8387
8356
8027
8463
8271
8081
8894
8809
8651
8725
8511
8220
8878
8190
8140
8945
8293
8098
8294
8597
8542
8982
8244
8300
8552
8093
8540
8336
8510
8549
8230
8180
8643
8224
8512
8714
8513
8962
8391
8430
8659
8592
8630
8202
8385
8300
8857
8553
8416
8217
8149
8465
8895
9009
8700
8873
8661
8177
8489
8650
8847
8880
8941
8987
8299
8405
8968
8120
8454
8253
8790
8109
8769
8738
8046
8114
8933
8111
8776
8095
8134
8363
8900
8206
8280
8203
8523
8182
8758
8203
8775
8830
8371
8065
8624
8678
8209
8667
8748
8915
8408
8086
8260
8832
9015
8943
8390
8447
8764
8076
9025
8712
8269
8700
8614
8688
8155
8088
8874
8085
8633
8544
8110
8682
8374
8214
8899
8084
8491
8319
8488
8813
8756
8949
8735
8422
8873
8111
8307
8218
8328
8398
8308
9007
8305
8375
8266
8971
8830
8886
8937
8134
8792
8259
8789
8233
8573
8400
8684
8622
8906
8606
8515
8211
8677
8483
8802
8211
8535
8948
8378
8430
8905
8455
8272
8562
8507
8295
8966
8552
8393
8304
8500
8368
8812
8973
8514
8445
8246
8986
8545
8208
8908
8443
8376
8249
8546
8885
8312
8930
8847
8593
8660
8455
8627
8634
8318
8434
8712
8712
8751
8171
8230
8121
8382
8047
8441
8112
8575
8894
